# transform file /media/myelin/brainmappers/MyelinMapping_Project/Templates/MacaqueYerkes19/mri/transforms/cc_up.lta
# created by brainmappers on Fri Apr 20 21:49:17 2012

type      = 0
nxforms   = 1
mean      = 127.0000 112.0000 110.0000
sigma     = 10000.0000
1 4 4
9.999859333038330e-01 5.236787255853415e-03 7.783514447510242e-04 1.741227656602859e-01 
-5.236785393208265e-03 9.999862909317017e-01 -4.076116965734400e-06 3.966818237304688e+01 
-7.783621549606323e-04 -2.273736754432321e-13 9.999997019767761e-01 5.099103450775146e+00 
0.000000000000000e+00 0.000000000000000e+00 0.000000000000000e+00 1.000000000000000e+00 
src volume info
valid = 1  # volume info valid
filename = /media/myelin/brainmappers/MyelinMapping_Project/Templates/MacaqueYerkes19/mri/norm.mgz
volume = 256 256 256
voxelsize = 1.000000000000000e+00 1.000000000000000e+00 1.000000000000000e+00
xras   = -1.000000000000000e+00 0.000000000000000e+00 0.000000000000000e+00
yras   = 0.000000000000000e+00 0.000000000000000e+00 -1.000000000000000e+00
zras   = 0.000000000000000e+00 1.000000000000000e+00 0.000000000000000e+00
cras   = -1.000000000000000e+00 -2.000000000000000e+00 -1.600000000000000e+01
dst volume info
valid = 1  # volume info valid
filename = /media/myelin/brainmappers/MyelinMapping_Project/Templates/MacaqueYerkes19/mri/norm.mgz
volume = 256 256 256
voxelsize = 1.000000000000000e+00 1.000000000000000e+00 1.000000000000000e+00
xras   = -1.000000000000000e+00 0.000000000000000e+00 0.000000000000000e+00
yras   = 0.000000000000000e+00 0.000000000000000e+00 -1.000000000000000e+00
zras   = 0.000000000000000e+00 1.000000000000000e+00 0.000000000000000e+00
cras   = -1.000000000000000e+00 -2.000000000000000e+00 -1.600000000000000e+01
